1.828000000000000000e+03
2.579000000000000000e+03
3.034000000000000000e+03
3.532000000000000000e+03
3.795000000000000000e+03
4.455000000000000000e+03
4.562000000000000000e+03
4.548000000000000000e+03
4.713000000000000000e+03
5.003000000000000000e+03
5.351000000000000000e+03
5.582000000000000000e+03
6.074000000000000000e+03
6.319000000000000000e+03
6.433000000000000000e+03
6.555000000000000000e+03
6.429000000000000000e+03
6.491000000000000000e+03
6.777000000000000000e+03
7.050000000000000000e+03
7.213000000000000000e+03
7.143000000000000000e+03
7.543000000000000000e+03
7.708000000000000000e+03
8.338000000000000000e+03
8.415000000000000000e+03
8.577000000000000000e+03
8.503000000000000000e+03
8.613000000000000000e+03
9.270000000000000000e+03
8.974000000000000000e+03
9.092000000000000000e+03
9.418000000000000000e+03
9.423000000000000000e+03
9.627000000000000000e+03
9.860000000000000000e+03
1.002800000000000000e+04
9.921000000000000000e+03
1.005600000000000000e+04
1.001200000000000000e+04
1.041400000000000000e+04
1.037400000000000000e+04
1.065200000000000000e+04
1.082000000000000000e+04
1.106600000000000000e+04
1.113100000000000000e+04
1.103500000000000000e+04
1.135600000000000000e+04
1.143600000000000000e+04
1.173700000000000000e+04
1.205400000000000000e+04
1.185000000000000000e+04
1.198600000000000000e+04
1.222800000000000000e+04
1.204500000000000000e+04
1.219200000000000000e+04
1.216300000000000000e+04
1.270100000000000000e+04
1.286900000000000000e+04
1.293300000000000000e+04
1.313400000000000000e+04
