2.037780000000566361e-02
1.023945000001731387e-01
2.986397000001943525e-01
7.600000999998428597e-01
1.469250899999906324e+00
2.349187499999970896e+00
4.366821699999945849e+00
5.605330800000047020e+00
7.898083300000052986e+00
1.235098089999996773e+01
1.612804179999989174e+01
1.879211759999998321e+01
2.304917370000021037e+01
2.971634500000004664e+01
4.072548029999984465e+01
4.681202340000004369e+01
4.899122580000016569e+01
7.305007529999988947e+01
7.958362080000006245e+01
8.695121629999994184e+01
9.041274929999985943e+01
1.073084456999999929e+02
1.193149212999999236e+02
1.305215734999999313e+02
1.471265272999999070e+02
1.656969420999998874e+02
1.852995853000002171e+02
2.058095041000001402e+02
2.277912600999998176e+02
2.509318965000002208e+02
2.863042826999999306e+02
3.082853449999997792e+02
3.354148699000002125e+02
3.649330438999995749e+02
4.077842642000005071e+02
4.333997953000007328e+02
4.717804201999997531e+02
5.070262259999999515e+02
5.514473578000006455e+02
5.944916702000000441e+02
6.366418333999999959e+02
6.835416513000000123e+02
7.355532020999999077e+02
7.848529815999991115e+02
8.424621936000003188e+02
9.046748969000000216e+02
9.574948505000011210e+02
1.025322378499999104e+03
1.086658206199999768e+03
1.162704712599999766e+03
1.228632405400001517e+03
1.297589678399999684e+03
1.383622639500001242e+03
1.452884235500001523e+03
1.528896217000001343e+03
1.618044536600002175e+03
1.709088171600000351e+03
1.795729579399998329e+03
1.884675246899998456e+03
2.195126580599997396e+03
2.244232556899998599e+03
